b<-5+2
b<-5+2+3
